PIVlab, ASCII chart output - 03-Feb-2026
FRAME: 74, filenames: MEAN of frames 1:73 & MEAN of frames 1:73, conversion factor xy (px -> m): 1, conversion factor uv (px/frame -> m/s): 1
x [px],y [px],u [px/frame],v [px/frame],Vector type [-]
405,91,NaN,NaN,0
405,107,NaN,NaN,0
405,123,NaN,NaN,0
405,139,NaN,NaN,0
405,155,NaN,NaN,0
405,171,NaN,NaN,0
405,187,NaN,NaN,0
405,203,NaN,NaN,0
405,219,NaN,NaN,0
405,235,NaN,NaN,0
405,251,NaN,NaN,0
405,267,NaN,NaN,0
405,283,NaN,NaN,0
405,299,NaN,NaN,0
405,315,NaN,NaN,0
405,331,NaN,NaN,0
405,347,NaN,NaN,0
405,363,NaN,NaN,0
405,379,NaN,NaN,0
405,395,NaN,NaN,0
405,411,NaN,NaN,0
405,427,NaN,NaN,0
405,443,NaN,NaN,0
405,459,NaN,NaN,0
405,475,NaN,NaN,0
405,491,NaN,NaN,0
405,507,NaN,NaN,0
405,523,NaN,NaN,0
405,539,NaN,NaN,0
405,555,NaN,NaN,0
405,571,NaN,NaN,0
405,587,NaN,NaN,0
405,603,NaN,NaN,0
405,619,NaN,NaN,0
405,635,NaN,NaN,0
405,651,NaN,NaN,0
405,667,NaN,NaN,0
405,683,NaN,NaN,0
405,699,NaN,NaN,0
405,715,NaN,NaN,0
405,731,NaN,NaN,0
405,747,NaN,NaN,0
405,763,NaN,NaN,0
421,91,NaN,NaN,0
421,107,NaN,NaN,0
421,123,NaN,NaN,0
421,139,NaN,NaN,0
421,155,NaN,NaN,0
421,171,NaN,NaN,0
421,187,NaN,NaN,0
421,203,NaN,NaN,0
421,219,NaN,NaN,0
421,235,NaN,NaN,0
421,251,NaN,NaN,0
421,267,NaN,NaN,0
421,283,NaN,NaN,0
421,299,NaN,NaN,0
421,315,-3.698714733,13.56323624,2
421,331,-4.388103008,12.769104,1
421,347,-0.4767791927,10.71046352,1
421,363,-1.378141761,15.86331463,1
421,379,NaN,NaN,2
421,395,0.8100064397,13.30285263,1
421,411,1.124697685,15.09924889,1
421,427,0.8177002668,16.11459351,1
421,443,1.482703805,13.50257397,1
421,459,1.688743353,13.02149105,1
421,475,1.627864003,10.55239296,1
421,491,1.518925786,9.014365196,1
421,507,NaN,NaN,0
421,523,NaN,NaN,0
421,539,NaN,NaN,0
421,555,NaN,NaN,0
421,571,NaN,NaN,0
421,587,NaN,NaN,0
421,603,NaN,NaN,0
421,619,NaN,NaN,0
421,635,NaN,NaN,0
421,651,NaN,NaN,0
421,667,NaN,NaN,0
421,683,NaN,NaN,0
421,699,NaN,NaN,0
421,715,NaN,NaN,0
421,731,NaN,NaN,0
421,747,NaN,NaN,0
421,763,NaN,NaN,0
437,91,NaN,NaN,0
437,107,NaN,NaN,0
437,123,NaN,NaN,0
437,139,NaN,NaN,0
437,155,NaN,NaN,0
437,171,NaN,NaN,0
437,187,NaN,NaN,0
437,203,NaN,NaN,0
437,219,NaN,NaN,0
437,235,NaN,NaN,0
437,251,NaN,NaN,0
437,267,-2.961045265,5.952335835,1
437,283,NaN,NaN,2
437,299,NaN,NaN,2
437,315,NaN,NaN,2
437,331,-1.904082894,11.76942635,1
437,347,-1.472240806,12.25464249,1
437,363,-1.158253908,12.83492374,1
437,379,-0.9681817293,12.64209843,1
437,395,-0.08581493795,15.11716652,1
437,411,0.6239621639,14.15927029,1
437,427,0.8960343599,14.11479664,1
437,443,1.088377118,14.01874638,1
437,459,1.547554255,12.49498653,1
437,475,2.284631491,11.97020721,1
437,491,3.397351742,10.00622368,1
437,507,3.439642668,11.35586834,1
437,523,3.496856451,13.3863554,1
437,539,4.67455101,8.505963326,1
437,555,3.178821802,7.915502548,1
437,571,NaN,NaN,0
437,587,NaN,NaN,0
437,603,NaN,NaN,0
437,619,NaN,NaN,0
437,635,NaN,NaN,0
437,651,NaN,NaN,0
437,667,NaN,NaN,0
437,683,NaN,NaN,0
437,699,NaN,NaN,0
437,715,NaN,NaN,0
437,731,NaN,NaN,0
437,747,NaN,NaN,0
437,763,NaN,NaN,0
453,91,NaN,NaN,0
453,107,NaN,NaN,0
453,123,NaN,NaN,0
453,139,NaN,NaN,0
453,155,NaN,NaN,0
453,171,NaN,NaN,0
453,187,NaN,NaN,0
453,203,NaN,NaN,0
453,219,NaN,NaN,0
453,235,NaN,NaN,2
453,251,NaN,NaN,2
453,267,-1.388430357,5.242851734,2
453,283,-1.487113714,6.522628307,1
453,299,-3.261949539,7.94640398,1
453,315,NaN,NaN,2
453,331,-1.704712868,10.86630726,1
453,347,-1.899426818,14.11243725,1
453,363,-1.753333569,13.35211086,1
453,379,-0.8589865565,15.75044727,2
453,395,-0.1408516765,16.40608597,2
453,411,0.5534565449,15.99707413,2
453,427,1.106423736,15.27537632,2
453,443,1.785866141,13.48317337,1
453,459,1.749842167,12.09145451,1
453,475,2.21889019,13.68535709,1
453,491,2.470489979,11.14000034,1
453,507,1.804506898,10.42532921,1
453,523,2.226359606,9.453666687,1
453,539,3.505195141,9.21981144,1
453,555,NaN,NaN,2
453,571,0.9079989791,0.5182036161,2
453,587,NaN,NaN,2
453,603,NaN,NaN,0
453,619,NaN,NaN,0
453,635,NaN,NaN,0
453,651,NaN,NaN,0
453,667,NaN,NaN,0
453,683,NaN,NaN,0
453,699,NaN,NaN,0
453,715,NaN,NaN,0
453,731,NaN,NaN,0
453,747,NaN,NaN,0
453,763,NaN,NaN,0
469,91,NaN,NaN,0
469,107,NaN,NaN,0
469,123,NaN,NaN,0
469,139,NaN,NaN,0
469,155,NaN,NaN,0
469,171,NaN,NaN,0
469,187,NaN,NaN,0
469,203,-4.282554626,5.046692848,1
469,219,NaN,NaN,2
469,235,-3.56853056,6.947126865,1
469,251,-3.403278589,6.945159435,1
469,267,-2.74793148,8.052127838,2
469,283,NaN,NaN,2
469,299,-5.610991001,14.15228271,2
469,315,-4.644517899,14.65859699,2
469,331,-3.395161867,14.18682861,2
469,347,-2.577672005,14.14095592,2
469,363,-1.942368865,14.98116016,2
469,379,-1.155812502,15.04620171,2
469,395,-0.1657931805,15.18685246,1
469,411,0.7035487294,15.25893307,2
469,427,1.267744541,14.11850739,2
469,443,2.142144918,14.93800163,2
469,459,2.571427345,15.61698246,1
469,475,3.397560835,13.51208687,1
469,491,3.432102203,11.45952988,1
469,507,2.816679955,9.713774681,1
469,523,3.04808712,9.458754539,1
469,539,4.183472633,9.247460365,1
469,555,3.882189035,8.198599815,1
469,571,4.21212101,7.521918774,1
469,587,NaN,NaN,2
469,603,NaN,NaN,2
469,619,5.83103466,7.451553345,1
469,635,NaN,NaN,0
469,651,NaN,NaN,0
469,667,NaN,NaN,0
469,683,NaN,NaN,0
469,699,NaN,NaN,0
469,715,NaN,NaN,0
469,731,NaN,NaN,0
469,747,NaN,NaN,0
469,763,NaN,NaN,0
485,91,NaN,NaN,0
485,107,NaN,NaN,0
485,123,NaN,NaN,0
485,139,NaN,NaN,0
485,155,NaN,NaN,0
485,171,NaN,NaN,0
485,187,-4.295539856,5.752415657,1
485,203,-4.271544456,5.751834869,1
485,219,-4.788039684,6.676621437,1
485,235,-4.979987621,8.410727501,1
485,251,-4.327356815,8.047840118,1
485,267,NaN,NaN,2
485,283,-5.936536312,13.60838985,2
485,299,-5.120612144,12.92093182,1
485,315,-4.199216366,13.36429882,1
485,331,-3.363597155,13.85387039,1
485,347,-2.675650358,13.88227749,1
485,363,-2.061583519,14.5556736,1
485,379,-1.061935067,14.59014511,1
485,395,-0.1846628338,14.93684483,1
485,411,0.6525076628,15.06269646,1
485,427,1.584735751,16.09820175,1
485,443,2.143160343,14.6074295,1
485,459,2.987872839,14.69328976,1
485,475,3.77342844,14.28745079,1
485,491,4.428854942,13.88919353,1
485,507,5.327534676,14.11014175,1
485,523,6.120239735,13.95233631,1
485,539,5.738686562,10.96849823,2
485,555,5.566699028,10.40893173,2
485,571,3.801276922,7.420768261,1
485,587,4.075156212,6.756805897,1
485,603,5.363321304,5.771903992,1
485,619,NaN,NaN,2
485,635,NaN,NaN,2
485,651,NaN,NaN,0
485,667,NaN,NaN,0
485,683,NaN,NaN,0
485,699,NaN,NaN,0
485,715,NaN,NaN,0
485,731,NaN,NaN,0
485,747,NaN,NaN,0
485,763,NaN,NaN,0
501,91,NaN,NaN,0
501,107,NaN,NaN,0
501,123,NaN,NaN,0
501,139,NaN,NaN,0
501,155,NaN,NaN,0
501,171,NaN,NaN,2
501,187,-4.53581953,5.302431107,1
501,203,-4.962330341,6.270798683,1
501,219,-4.835015297,6.413806438,1
501,235,-5.282570362,8.207029343,2
501,251,-6.424347401,10.96770096,2
501,267,-6.62835598,12.88572502,2
501,283,-5.880921364,12.66784382,1
501,299,-4.923489094,13.13763142,1
501,315,-4.132957935,12.92445755,1
501,331,-3.606346846,14.02312756,1
501,347,-2.742925406,13.78155518,1
501,363,-1.910747647,14.62876797,1
501,379,-1.250214815,14.73755169,1
501,395,-0.3296607137,14.46234131,1
501,411,0.6685598493,14.37100792,1
501,427,1.631215096,15.393857,1
501,443,2.53668952,15.33311081,1
501,459,3.218033791,14.90725231,1
501,475,3.985626459,13.90717506,1
501,491,4.880619526,13.91548824,1
501,507,5.431939602,12.98690033,1
501,523,6.102013111,12.72487736,1
501,539,6.701886177,12.90527058,1
501,555,6.524429798,11.79018307,2
501,571,6.736579895,10.76120567,2
501,587,10.52894211,15.08977413,2
501,603,6.419350624,7.97287941,1
501,619,4.683122635,4.183004379,2
501,635,NaN,NaN,2
501,651,6.100789547,5.169453621,1
501,667,NaN,NaN,0
501,683,NaN,NaN,0
501,699,NaN,NaN,0
501,715,NaN,NaN,0
501,731,NaN,NaN,0
501,747,NaN,NaN,0
501,763,NaN,NaN,0
517,91,NaN,NaN,0
517,107,NaN,NaN,0
517,123,NaN,NaN,0
517,139,NaN,NaN,0
517,155,-6.715308666,5.089412212,1
517,171,-4.293166161,4.420619965,1
517,187,-5.538657665,6.500638962,1
517,203,-5.417467117,5.819746017,1
517,219,-7.108380795,9.713078499,2
517,235,-7.143269539,10.49822807,2
517,251,-7.428491116,12.22364712,1
517,267,-6.910636902,12.84619045,1
517,283,-5.988072395,13.23830986,1
517,299,-5.633338451,13.45259094,1
517,315,-4.191373825,11.73519516,1
517,331,-3.936273813,13.31523323,1
517,347,-3.070981741,13.95363426,1
517,363,-2.168619871,14.84338856,1
517,379,-1.291714191,15.24686813,1
517,395,-0.4701509774,14.24057865,1
517,411,0.8559837341,14.85895252,1
517,427,1.455586672,14.07867908,1
517,443,2.667207241,14.04698849,1
517,459,3.577066183,15.49566078,1
517,475,4.110302925,13.92474651,1
517,491,5.068154812,13.99092102,1
517,507,5.852644444,13.2188921,1
517,523,6.539337635,12.6435461,1
517,539,6.704152107,11.88161278,1
517,555,7.620037556,12.23101807,1
517,571,8.084706306,12.10414696,2
517,587,8.031075478,10.9680891,2
517,603,NaN,NaN,2
517,619,3.230964184,3.410910606,2
517,635,NaN,NaN,2
517,651,4.785833359,3.994676113,2
517,667,7.105470181,6.571966171,1
517,683,NaN,NaN,0
517,699,NaN,NaN,0
517,715,NaN,NaN,0
517,731,NaN,NaN,0
517,747,NaN,NaN,0
517,763,NaN,NaN,0
533,91,NaN,NaN,0
533,107,NaN,NaN,0
533,123,NaN,NaN,0
533,139,-6.869034767,6.08727026,1
533,155,NaN,NaN,2
533,171,-5.1980896,5.133111477,1
533,187,-6.29116869,6.378931999,1
533,203,-8.764498711,9.380308151,2
533,219,-7.844612122,10.25284481,1
533,235,-8.235467911,11.20186424,1
533,251,-7.338767529,11.01628971,1
533,267,-6.348570347,11.22985077,1
533,283,-6.776267529,13.03076458,1
533,299,-5.514241695,11.89448166,1
533,315,-4.821700096,12.8800354,1
533,331,-4.308047295,13.80078506,1
533,347,-3.21331358,14.13483429,1
533,363,-2.251119614,14.77685642,1
533,379,-1.147950292,14.80819988,1
533,395,-0.2233553827,14.9514513,1
533,411,1.09702599,16.08183289,1
533,427,1.875022173,14.63438988,1
533,443,2.775079727,16.12838554,1
533,459,3.927114248,15.93442726,1
533,475,4.793101788,14.48931408,1
533,491,5.818615437,14.76367378,1
533,507,6.220869064,13.62318516,1
533,523,7.288967133,13.63611221,1
533,539,7.591556072,12.36648273,1
533,555,8.605781555,12.5186882,1
533,571,8.20126915,11.11235619,1
533,587,9.020968437,11.17675018,1
533,603,9.066949844,10.63105011,2
533,619,7.529409885,7.773808479,2
533,635,NaN,NaN,2
533,651,NaN,NaN,2
533,667,6.124816895,4.880158901,2
533,683,NaN,NaN,0
533,699,NaN,NaN,0
533,715,NaN,NaN,0
533,731,NaN,NaN,0
533,747,NaN,NaN,0
533,763,NaN,NaN,0
549,91,NaN,NaN,0
549,107,NaN,NaN,0
549,123,NaN,NaN,0
549,139,NaN,NaN,2
549,155,-7.495224953,6.617629528,2
549,171,-8.118708611,7.701401711,2
549,187,-9.006117821,9.014616966,2
549,203,-8.94985199,9.96312809,1
549,219,-8.691482544,10.37592411,1
549,235,-7.852769852,10.15856934,1
549,251,-7.833745003,11.00154209,1
549,267,-6.48331213,10.33939552,1
549,283,-6.568263531,11.78794289,1
549,299,-5.695421696,11.95668793,1
549,315,-5.70460844,13.91633034,1
549,331,-4.167184353,13.4625988,1
549,347,-3.152367592,14.32387638,1
549,363,-2.271021128,14.02370548,1
549,379,-1.663164377,15.40872097,1
549,395,-0.1257686913,13.67056084,1
549,411,0.222734049,12.83177853,1
549,427,1.896166325,14.72185421,1
549,443,2.758658171,15.12503815,1
549,459,3.913791418,15.14444256,1
549,475,4.805971146,15.45938683,1
549,491,5.415146351,13.86994553,1
549,507,6.831345558,14.57346725,1
549,523,8.013794899,14.13604069,1
549,539,8.498300552,12.74015617,1
549,555,9.174890518,12.70867157,1
549,571,8.812158585,11.10745144,1
549,587,8.900510788,10.32781029,1
549,603,10.49451637,11.28746033,1
549,619,10.08502388,9.77266407,2
549,635,10.18924046,9.541759491,2
549,651,NaN,NaN,2
549,667,NaN,NaN,2
549,683,7.291061878,5.920063972,1
549,699,NaN,NaN,0
549,715,NaN,NaN,0
549,731,NaN,NaN,0
549,747,NaN,NaN,0
549,763,NaN,NaN,0
565,91,NaN,NaN,0
565,107,NaN,NaN,0
565,123,-9.348249435,5.354231358,2
565,139,-6.852762222,4.750858307,2
565,155,-6.610604763,5.146485806,2
565,171,-9.809473038,8.208986282,2
565,187,-9.793319702,9.184053421,1
565,203,-8.341573715,8.503767014,1
565,219,-9.195533752,9.886959076,1
565,235,-8.582290649,9.999941826,1
565,251,-7.085134506,8.888022423,1
565,267,-7.852694511,11.4947834,1
565,283,-7.432943344,12.41458893,1
565,299,-6.728332996,13.18915081,1
565,315,-5.512339592,13.08486462,1
565,331,-3.76911211,11.25073242,1
565,347,-4.807378292,15.70116234,1
565,363,-2.749800205,14.22333336,2
565,379,-1.410013795,13.68643379,1
565,395,-0.5270363688,14.12458611,1
565,411,0.4092457592,13.56160164,1
565,427,1.735116601,14.77942848,1
565,443,3.169420719,15.12405682,1
565,459,4.432471752,14.1110096,1
565,475,5.590071678,15.32983303,1
565,491,5.962515831,14.31180382,1
565,507,7.795476437,14.28107548,1
565,523,7.510149479,12.46998119,1
565,539,8.417161942,12.25203133,1
565,555,9.947422981,12.34917641,1
565,571,9.35869503,10.58719254,1
565,587,10.33001709,10.88068581,1
565,603,10.67968655,10.44809055,1
565,619,10.30704498,9.418684006,1
565,635,10.82376862,9.142602921,2
565,651,11.1420145,9.014047623,2
565,667,NaN,NaN,2
565,683,NaN,NaN,2
565,699,NaN,NaN,0
565,715,NaN,NaN,0
565,731,NaN,NaN,0
565,747,NaN,NaN,0
565,763,NaN,NaN,0
581,91,NaN,NaN,0
581,107,NaN,NaN,0
581,123,NaN,NaN,2
581,139,-8.415380478,5.956258297,2
581,155,-8.430995941,6.359769821,2
581,171,-9.866420746,7.578622341,1
581,187,-9.507194519,8.266927719,1
581,203,-9.749876976,8.992796898,1
581,219,-8.680315018,8.628720284,1
581,235,-8.998052597,9.861129761,1
581,251,-8.405020714,10.15631771,1
581,267,-8.656309128,11.69725227,1
581,283,-7.687485218,12.2349205,1
581,299,-6.828130722,12.64348221,1
581,315,-6.13888979,13.57789135,2
581,331,-5.392923832,14.19608879,1
581,347,-3.64543581,12.38128853,2
581,363,-3.441179752,14.13976479,1
581,379,-2.359322071,15.02925587,1
581,395,-1.70697391,16.05666351,1
581,411,0.2037030905,14.66632366,1
581,427,0.7540429235,15.29393005,1
581,443,2.934215546,15.63382626,1
581,459,3.932830095,14.48028564,1
581,475,6.074195862,15.58106136,1
581,491,6.330221653,13.68311501,1
581,507,8.640982628,14.95216751,1
581,523,8.993644714,13.29175377,1
581,539,10.27988529,13.73559189,1
581,555,9.811833382,11.68712997,1
581,571,10.01173592,10.8056879,1
581,587,11.12853718,10.68921185,1
581,603,10.58874798,9.525835991,1
581,619,10.48459244,8.551157951,1
581,635,11.5331583,8.900775909,1
581,651,11.39184952,8.274563789,1
581,667,10.41297531,6.57737112,2
581,683,NaN,NaN,2
581,699,NaN,NaN,2
581,715,NaN,NaN,0
581,731,NaN,NaN,0
581,747,NaN,NaN,0
581,763,NaN,NaN,0
597,91,NaN,NaN,0
597,107,NaN,NaN,2
597,123,NaN,NaN,2
597,139,-8.299672127,5.307940483,2
597,155,-8.859205246,5.959249973,2
597,171,-9.9186306,7.332603455,1
597,187,-9.270569801,7.293560028,2
597,203,-9.981487274,8.325365067,1
597,219,-8.691462517,7.561219692,1
597,235,-8.848855019,9.083557129,1
597,251,-9.613143921,10.64798927,1
597,267,-9.534575462,12.07465553,1
597,283,-8.742132187,12.69361115,2
597,299,-7.200074196,12.29851437,2
597,315,-6.061760902,12.1020937,1
597,331,-5.253013611,12.10239315,2
597,347,-4.452872753,14.19394016,2
597,363,-3.187918425,11.17900372,2
597,379,-2.42263937,13.43370628,2
597,395,-1.507505178,14.67668915,2
597,411,0.2154081315,12.06388187,1
597,427,1.071798801,12.65046024,1
597,443,2.054383278,13.9277401,1
597,459,3.767393827,14.69435596,1
597,475,6.374910355,15.08421421,1
597,491,7.610020161,14.31225204,1
597,507,7.997236252,13.1662817,1
597,523,9.750906944,13.36521721,1
597,539,10.8320322,12.97152233,1
597,555,10.26830387,10.43453598,1
597,571,10.28535557,10.69538689,1
597,587,11.26709652,9.675285339,1
597,603,12.29982281,9.931387901,1
597,619,13.0277586,10.1334877,1
597,635,11.04589939,7.507614613,1
597,651,11.5337286,7.709526539,1
597,667,10.76792145,7.062345028,1
597,683,10.79980087,6.323793411,2
597,699,NaN,NaN,2
597,715,10.39934158,6.2311759,2
597,731,NaN,NaN,0
597,747,NaN,NaN,0
597,763,NaN,NaN,0
613,91,NaN,NaN,0
613,107,NaN,NaN,2
613,123,-9.919978142,5.52003479,2
613,139,-9.782474518,5.640597343,2
613,155,-10.17010212,6.328006268,1
613,171,-8.319372177,5.365578175,2
613,187,-10.86400223,7.809948444,1
613,203,-8.873125076,7.113799095,1
613,219,-10.09133816,8.367369652,1
613,235,-10.65680122,9.756009102,1
613,251,-9.190515518,9.856001854,1
613,267,-9.709663391,11.10017681,1
613,283,-9.910991669,12.60546207,1
613,299,-8.817809105,12.42152309,2
613,315,-6.154675007,9.690281868,2
613,331,-4.957479,9.982598305,2
613,347,-2.98282671,9.051334381,2
613,363,-2.873849392,10.74768066,2
613,379,-3.059292316,14.10496044,2
613,395,-2.282561302,12.21678448,1
613,411,-0.784875989,9.767612457,2
613,427,0.887352705,11.64241695,2
613,443,1.170741439,11.37620258,1
613,459,3.733020544,12.29615879,2
613,475,5.239412308,12.67245483,1
613,491,6.992269039,13.51621819,1
613,507,9.501675606,14.85019398,1
613,523,9.920025826,12.3438282,1
613,539,10.52891254,11.97906876,1
613,555,12.18516541,11.81169128,1
613,571,12.21685219,10.5799284,1
613,587,12.1695528,9.539906502,1
613,603,13.38521481,9.898347855,1
613,619,14.39045525,9.763205528,1
613,635,12.6183672,7.709225178,1
613,651,12.48266315,7.285101891,1
613,667,11.43379211,6.35955286,1
613,683,12.03536415,6.526611328,2
613,699,NaN,NaN,2
613,715,NaN,NaN,2
613,731,NaN,NaN,0
613,747,NaN,NaN,0
613,763,NaN,NaN,0
629,91,NaN,NaN,2
629,107,NaN,NaN,2
629,123,-10.2092495,5.003314972,2
629,139,-10.42296124,5.72003746,2
629,155,-8.965935707,5.124679089,2
629,171,-11.71972656,7.274345875,2
629,187,-10.92202091,7.318015099,1
629,203,-11.04388332,7.504051208,1
629,219,-10.61906147,8.036916733,1
629,235,-10.74192142,9.247638702,1
629,251,-9.421449661,8.939632416,2
629,267,-9.084178925,9.750607491,2
629,283,-8.365398407,9.095720291,2
629,299,-5.428318024,7.027800083,2
629,315,-5.996164799,8.507369041,2
629,331,-4.843806744,9.287005424,2
629,347,-4.485429764,8.477086067,2
629,363,-3.833768368,12.06322861,2
629,379,-2.402867556,8.812909126,2
629,395,-2.122986794,11.87068653,1
629,411,-0.6795893312,10.47226143,1
629,427,0.6531925201,11.71670246,2
629,443,2.297863245,11.13247299,1
629,459,3.14119792,11.29155254,1
629,475,4.501657486,12.31077957,1
629,491,6.171970367,12.1575985,1
629,507,7.891663551,11.70756721,1
629,523,10.46481991,11.54601574,1
629,539,11.015625,11.2473011,1
629,555,11.21691036,10.10315323,1
629,571,12.45947838,9.868449211,1
629,587,12.50102425,9.451130867,1
629,603,12.57342529,8.195351601,1
629,619,12.85309887,7.560139656,1
629,635,12.90076256,7.190136909,1
629,651,12.67747974,7.018482685,1
629,667,12.62970924,6.504346371,1
629,683,12.06692314,6.328153133,1
629,699,10.94747543,5.029501915,2
629,715,NaN,NaN,2
629,731,NaN,NaN,2
629,747,NaN,NaN,0
629,763,NaN,NaN,0
645,91,NaN,NaN,2
645,107,-11.85137653,5.600309849,2
645,123,-11.40595055,4.989686966,2
645,139,-10.781744,5.088702679,2
645,155,-11.2954092,5.64224577,2
645,171,-11.63981628,6.262507439,1
645,187,-11.13055897,6.379400253,1
645,203,-11.13287258,6.862828732,1
645,219,-11.08117008,7.259327412,1
645,235,-10.88290501,7.980741501,2
645,251,-10.47880268,8.876268387,2
645,267,-10.87128544,10.38925457,1
645,283,-8.002934456,8.051932335,2
645,299,-5.639540195,5.063398361,2
645,315,NaN,NaN,2
645,331,-6.918750286,10.63751411,2
645,347,-4.202860832,8.505822182,2
645,363,-3.830370188,11.14901543,2
645,379,-4.302442074,10.88261604,2
645,395,-1.842607737,8.117819786,2
645,411,-2.427412748,8.119684219,2
645,427,-1.062875152,10.59799671,2
645,443,0.8369886875,9.166255951,2
645,459,3.53704524,10.70659733,1
645,475,4.480609894,10.1746769,1
645,491,6.632627487,11.40211678,1
645,507,7.221218586,9.287857056,1
645,523,9.474858284,11.1063633,1
645,539,11.5823946,9.993124008,1
645,555,13.09198761,10.53545952,1
645,571,12.62982559,9.161431313,1
645,587,14.1491642,9.159308434,1
645,603,13.31886292,7.878999233,1
645,619,13.74284077,7.506619453,1
645,635,14.25703049,6.95272398,1
645,651,12.93636227,6.188437462,1
645,667,12.20751953,5.676065922,1
645,683,13.06447887,6.094155788,1
645,699,12.96591759,5.477615356,2
645,715,11.66474438,4.761107922,2
645,731,NaN,NaN,2
645,747,NaN,NaN,0
645,763,NaN,NaN,0
661,91,-10.44659996,4.104139328,2
661,107,-11.7743206,4.32772398,2
661,123,-11.43232822,4.864289761,1
661,139,-10.78033257,4.239902973,2
661,155,-11.83135509,5.599947929,2
661,171,-12.46239567,6.1602211,1
661,187,-12.37679195,6.268885612,1
661,203,-12.11448288,6.362731934,2
661,219,-12.18208408,7.146864414,2
661,235,-11.57241821,7.905100346,2
661,251,-12.10746861,8.503117561,2
661,267,-10.30796528,7.845565319,2
661,283,-8.916018486,7.995862007,2
661,299,-7.363861084,7.650857925,2
661,315,-5.528301716,6.606227398,2
661,331,-7.364703178,9.792635918,2
661,347,-6.031879425,9.939115524,2
661,363,-4.566390991,9.453672409,2
661,379,-4.449058056,8.488788605,2
661,395,-1.770612717,7.036085606,2
661,411,-1.746494889,8.27056694,2
661,427,-0.8738684654,8.221425056,1
661,443,1.853494287,5.784154892,2
661,459,3.239844322,7.354264736,1
661,475,4.580132484,8.660793304,1
661,491,4.55405283,9.922283173,1
661,507,7.430256367,9.730258942,1
661,523,9.019310951,9.306472778,1
661,539,10.61320972,9.014081955,1
661,555,12.65076256,8.672774315,1
661,571,12.98470688,7.958335876,1
661,587,13.88064861,8.502396584,1
661,603,13.59707546,7.224816799,1
661,619,15.30131054,7.214353085,1
661,635,14.82432461,6.356323719,1
661,651,13.845191,5.886903763,1
661,667,13.76241779,5.722945213,1
661,683,13.13052368,5.0691576,1
661,699,12.8351965,4.832828522,1
661,715,11.33942223,3.855344534,2
661,731,10.91876316,3.169146299,2
661,747,19.7147541,6.956046581,1
661,763,NaN,NaN,0
677,91,-4.416721344,1.43311131,2
677,107,-11.97925949,3.988006353,2
677,123,-10.53297234,3.978393078,2
677,139,-11.0212841,3.78627491,2
677,155,-11.55798912,4.663083076,1
677,171,-11.96726799,4.824819565,2
677,187,-12.56869125,5.550839424,1
677,203,-12.77575493,6.030304432,1
677,219,-12.44293213,6.390689373,1
677,235,-9.602468491,5.492484093,2
677,251,-10.51008224,6.546417236,2
677,267,-11.04273415,6.9133811,2
677,283,NaN,NaN,2
677,299,-10.59234142,8.465922356,2
677,315,-8.788760185,7.838436604,2
677,331,-6.590894699,9.423567772,2
677,347,-4.595536709,8.156644821,2
677,363,-4.975959778,8.468596458,1
677,379,-2.393805027,6.686855793,2
677,395,-2.504286766,7.023705959,2
677,411,-2.392925501,6.329729557,2
677,427,-0.01128953416,7.729090691,1
677,443,2.672416449,7.40214777,2
677,459,3.672616482,7.075200081,2
677,475,4.080509186,5.919692039,1
677,491,4.388775826,6.820781708,1
677,507,6.849778652,8.212249756,1
677,523,9.948308945,8.246415138,1
677,539,10.5745697,6.995862961,1
677,555,11.79426098,7.229436398,1
677,571,13.12471676,7.171340942,1
677,587,13.41410542,7.023979187,1
677,603,14.24432755,6.162521362,1
677,619,15.28051853,6.25669384,1
677,635,13.74627018,5.074439526,1
677,651,13.20306396,4.628488064,1
677,667,13.69958401,4.636749744,1
677,683,13.44632721,4.156001568,1
677,699,14.16255569,3.944103718,1
677,715,12.04962349,3.199402094,2
677,731,11.16916275,2.495216846,2
677,747,19.32603455,5.0767169,1
677,763,NaN,NaN,0
693,91,-10.62974262,2.854792356,1
693,107,-13.14224625,3.417684078,2
693,123,-9.955961227,2.784096479,2
693,139,-11.33145332,3.515846729,2
693,155,-11.56956005,3.888978004,2
693,171,-13.26094055,4.7835536,1
693,187,-12.8448534,4.827836514,2
693,203,-13.65786171,5.372916698,1
693,219,-13.52144432,6.112941265,2
693,235,-12.9186039,6.240878582,2
693,251,-11.4785862,5.892160892,2
693,267,-9.232032776,4.968525887,2
693,283,-6.186517239,2.995779037,2
693,299,-10.58731365,6.880687714,2
693,315,-7.513755322,4.61395359,2
693,331,-8.179873466,8.357161522,2
693,347,-6.259535313,7.055770874,2
693,363,-5.196035862,7.679237366,2
693,379,-5.134439945,9.947320938,1
693,395,-3.683909178,6.795572758,1
693,411,-1.264268398,7.671760559,1
693,427,0.5972349644,6.038957119,2
693,443,1.503311872,8.354496002,1
693,459,4.364225388,6.16584301,1
693,475,3.417873383,6.683117867,1
693,491,5.574431896,6.535204887,1
693,507,5.497686863,5.722506523,2
693,523,8.094507217,6.53536272,1
693,539,11.15251446,6.524888992,1
693,555,11.43167686,6.293571472,2
693,571,15.54527473,7.074556351,1
693,587,12.99401569,5.010446072,2
693,603,13.12108803,4.755944252,1
693,619,14.73773861,5.014283657,1
693,635,14.87561226,4.779924393,2
693,651,11.68895149,3.239996672,2
693,667,13.82607269,3.807526827,1
693,683,13.21852303,3.33494401,1
693,699,13.38590717,2.966157198,1
693,715,13.09840679,2.902205467,1
693,731,11.89359283,2.439359188,2
693,747,11.88920403,1.50068903,2
693,763,NaN,NaN,0
709,91,-9.639755249,2.225332975,1
709,107,-12.95982933,2.901750565,1
709,123,-11.45806885,2.567737341,2
709,139,-12.40278053,3.076012135,2
709,155,-11.63492489,3.15734148,2
709,171,-13.59444046,4.05883503,1
709,187,-13.82920551,4.369308949,1
709,203,-14.82363033,4.499571323,1
709,219,-13.14221096,4.654031277,2
709,235,-12.02974987,4.30816555,2
709,251,-8.792372704,3.888859987,2
709,267,NaN,NaN,2
709,283,-9.029212952,5.28761816,2
709,299,-11.70993519,5.566776276,2
709,315,-10.60613537,6.75039053,2
709,331,-7.678218365,6.227942944,2
709,347,-7.572917461,7.875910759,2
709,363,-7.399960041,9.518648148,1
709,379,-6.268780231,8.461967468,1
709,395,-5.608695984,8.173501015,1
709,411,-2.703789949,6.378826141,1
709,427,-1.185643554,5.0636549,1
709,443,1.03290379,6.771818638,1
709,459,1.731876612,5.781032562,1
709,475,2.75036931,6.583504677,1
709,491,4.657788754,6.769421577,1
709,507,8.046865463,3.435096502,2
709,523,7.890450954,3.829321861,2
709,539,9.078484535,5.104659081,1
709,555,11.49414825,4.341983318,1
709,571,14.08024311,4.959991932,1
709,587,14.89021015,4.244421005,1
709,603,15.82127571,4.42641449,1
709,619,15.1182642,4.024684906,1
709,635,15.61769009,4.059332848,1
709,651,13.11735439,2.916361809,2
709,667,13.77120781,2.706908703,1
709,683,13.42026901,2.767127037,1
709,699,12.78115177,2.170757771,1
709,715,13.88568878,2.313962221,1
709,731,12.3479414,1.937748313,2
709,747,12.48968887,1.651025057,2
709,763,NaN,NaN,0
725,91,-11.3038187,1.745901823,2
725,107,-11.20302105,1.984689116,2
725,123,-11.33720016,1.799225926,2
725,139,-11.20230961,1.982553244,2
725,155,-12.05293941,2.70480442,2
725,171,-13.84802246,3.344160795,1
725,187,-12.33945656,3.343730688,2
725,203,-12.96159458,3.441645145,2
725,219,-13.44573212,4.044929504,2
725,235,-12.20640087,3.362579823,2
725,251,-10.95865917,3.989024639,2
725,267,NaN,NaN,2
725,283,-12.25767803,4.653540134,2
725,299,-9.183171272,3.460550547,2
725,315,-8.976987839,3.8735888,2
725,331,-8.60089016,5.361308575,2
725,347,-8.871146202,6.598842621,1
725,363,-7.078639984,5.761043549,1
725,379,-6.797075272,5.103599072,1
725,395,-4.161925316,4.778663635,1
725,411,-3.359858513,3.765574455,1
725,427,-1.393391609,3.435374975,1
725,443,0.6242089272,5.066722393,1
725,459,3.265457153,4.62433672,1
725,475,4.595336437,4.516263962,1
725,491,7.444428444,4.174861908,1
725,507,6.857082844,3.668823242,1
725,523,7.591118813,3.116045952,1
725,539,8.953848839,2.655530453,1
725,555,13.33310223,3.504818678,1
725,571,14.17912197,2.934691429,1
725,587,17.89134216,3.637212992,1
725,603,15.06002998,2.612753391,1
725,619,14.40189552,2.460127831,1
725,635,16.41318321,2.525524139,1
725,651,14.94215393,1.933397174,1
725,667,14.45197868,1.854478359,1
725,683,13.57331467,1.693585634,1
725,699,13.46625042,1.563777328,1
725,715,12.82584381,1.413330674,1
725,731,11.60339355,1.312107921,2
725,747,11.70226097,1.09196496,2
725,763,NaN,NaN,0
741,91,-13.85752869,1.527649283,2
741,107,-12.30113506,1.473941922,2
741,123,-11.77314854,1.246195793,2
741,139,-12.8914423,1.745052218,1
741,155,-11.96611595,1.795039058,2
741,171,-13.22527599,2.445006847,1
741,187,-11.55418491,2.1126616,2
741,203,-14.6532402,2.53499651,1
741,219,-15.26319885,3.420229673,2
741,235,-11.71411705,2.674967289,2
741,251,NaN,NaN,2
741,267,NaN,NaN,2
741,283,-9.244141579,3.190819502,2
741,299,-10.17748547,2.630040169,2
741,315,-8.151507378,2.106273174,2
741,331,-9.146969795,3.214265585,2
741,347,-9.54326725,3.818430185,1
741,363,-8.363319397,3.632017374,1
741,379,-7.101491928,3.065868139,1
741,395,-4.709032536,2.391180038,1
741,411,-2.861249447,1.893905997,1
741,427,-1.305069447,1.586662769,1
741,443,0.4086333215,2.662608147,1
741,459,2.793505192,3.390762806,1
741,475,5.128491402,3.198137283,1
741,491,7.195436954,3.004834175,1
741,507,6.7674613,3.21262002,1
741,523,7.025011063,1.951014996,1
741,539,9.949278831,2.443378687,2
741,555,14.16026592,2.856152534,1
741,571,15.29502964,2.659569263,2
741,587,17.61101913,1.530363798,2
741,603,16.12008858,1.751745224,1
741,619,16.78664398,1.496667981,1
741,635,15.68925285,1.51568675,1
741,651,13.25196362,0.9763644934,2
741,667,14.31266785,1.154316902,1
741,683,14.73100376,0.7138116956,1
741,699,12.90165329,0.6658329368,1
741,715,13.36881542,0.9572239518,1
741,731,12.5884409,0.6280281544,2
741,747,12.44262886,0.7251740694,2
741,763,NaN,NaN,0
757,91,-11.98702812,0.7252351642,2
757,107,-11.99997711,0.815492928,1
757,123,-11.95819283,0.5033572912,2
757,139,-11.91224575,1.196445823,2
757,155,-9.928476334,1.12076509,2
757,171,-13.68340111,1.662296772,1
757,187,-12.37644768,1.705514312,1
757,203,-15.22627354,2.070983887,1
757,219,-13.29736042,2.00326848,2
757,235,-14.76687622,2.285666227,2
757,251,-13.39457607,2.622241974,2
757,267,NaN,NaN,2
757,283,NaN,NaN,2
757,299,-11.00114155,2.012643099,2
757,315,-11.03609371,2.463557243,2
757,331,-10.59020233,2.13617301,1
757,347,-9.668890953,1.88700211,1
757,363,-8.791243553,1.996269464,1
757,379,-7.665472507,0.05151892081,1
757,395,-5.489871025,0.4456858039,1
757,411,-4.14320612,-0.3729266524,1
757,427,-0.9841983318,0.06073746085,1
757,443,2.082335234,-0.2119030505,1
757,459,3.67189908,2.163164854,1
757,475,4.50271225,0.8100122809,1
757,491,8.324584007,0.4999951422,1
757,507,7.679412842,0.8681783676,1
757,523,7.628622055,1.529037714,2
757,539,10.7803154,0.8714308143,2
757,555,11.86872578,0.5193147063,1
757,571,12.6124754,0.553884387,1
757,587,16.60284996,0.743691802,1
757,603,13.81146431,0.5439018607,2
757,619,15.67258358,0.4704964757,1
757,635,15.41292477,0.3021577001,1
757,651,14.01165867,-0.3279761076,1
757,667,13.32111645,0.1695179045,1
757,683,12.40399456,-0.1271444112,1
757,699,12.52526188,-0.1893767416,1
757,715,11.79531384,0.2032772154,1
757,731,12.26082897,0.08296354115,1
757,747,11.37577248,-0.2519440353,2
757,763,27.19872856,1.385308743,1
773,91,-11.0648222,0.1410613507,2
773,107,-12.15061474,0.3570874631,2
773,123,NaN,NaN,2
773,139,-12.29247093,0.1826583892,2
773,155,-12.33396816,0.3348500431,2
773,171,-13.37870502,0.7343934178,1
773,187,-13.08647251,0.4250311255,1
773,203,-13.37083817,0.9289160967,2
773,219,-13.64523792,0.7658615112,2
773,235,-9.685002327,0.8538531661,2
773,251,-12.11562157,1.062740088,2
773,267,-11.25247002,1.020288467,2
773,283,-10.47014618,-0.2543661892,2
773,299,-11.83658028,0.6920590997,2
773,315,-8.610121727,1.013925433,2
773,331,-10.87067127,0.640553236,1
773,347,-9.617823601,0.8246760964,1
773,363,-9.401023865,-0.7612692714,1
773,379,-7.917442799,-1.388384581,1
773,395,-5.866968155,-0.742967546,1
773,411,-3.758344412,-1.863737583,1
773,427,-0.9073335528,-1.236919522,1
773,443,2.079845667,-1.213417768,1
773,459,4.092057705,-0.3476423323,1
773,475,6.500424385,-1.240477681,1
773,491,7.350922585,-1.199934006,1
773,507,8.545694351,-0.8369297385,1
773,523,8.599721909,-1.767060041,1
773,539,8.785305023,-0.5719829202,1
773,555,10.63155651,-1.718315482,1
773,571,14.26675797,-1.390701652,1
773,587,14.61045361,-0.06386181712,1
773,603,14.79195786,-0.9018856287,2
773,619,15.2835741,-0.5327349901,2
773,635,15.43232727,-0.6346101165,1
773,651,15.89720917,-0.8525395393,2
773,667,14.04327965,-0.7312306762,2
773,683,13.80662251,-0.9818176627,1
773,699,12.98556232,-0.6467859745,1
773,715,13.49427795,-0.4861547053,1
773,731,13.75592518,-0.5769685507,1
773,747,12.8303175,-1.038875222,2
773,763,NaN,NaN,1
789,91,-9.883140564,-0.1736709028,2
789,107,-12.58290672,-0.04391995817,2
789,123,-11.17248821,-0.5238301754,2
789,139,-12.31073284,-0.4473233223,2
789,155,-12.21282959,-0.2304749638,2
789,171,-13.60589123,0.13456586,2
789,187,-13.05085278,-0.5857362151,1
789,203,-12.31669807,-0.52013731,2
789,219,-13.22687435,0.01737114787,2
789,235,-11.97289658,-0.2396074086,2
789,251,NaN,NaN,2
789,267,-11.0026207,-0.1180087551,2
789,283,-8.745666504,-0.4565600455,2
789,299,-9.938239098,-0.3002683818,2
789,315,-9.868192673,-0.5900918841,2
789,331,-10.1262722,-0.7569410801,1
789,347,-9.352360725,-1.14435029,1
789,363,-9.164003372,-1.937205553,1
789,379,-7.390558243,-2.330590963,1
789,395,-5.21609354,-3.419163465,1
789,411,-3.854938507,-3.861481905,1
789,427,-1.251944304,-3.821903229,1
789,443,2.607393742,-3.086608171,1
789,459,4.505919456,-3.47130537,1
789,475,7.264241695,-4.184463024,1
789,491,8.728459358,-3.680157185,1
789,507,6.460410118,-2.048437595,1
789,523,7.529488564,-2.536039114,1
789,539,9.356768608,-2.880523682,1
789,555,8.668170929,-2.596872091,1
789,571,11.85118389,-1.421428561,1
789,587,14.29868317,-2.156485081,2
789,603,12.26386642,-1.683686733,2
789,619,12.11665344,-1.794041514,2
789,635,15.30914021,-2.19842267,1
789,651,13.77344704,-1.708935618,1
789,667,13.46243954,-1.745816469,1
789,683,15.41264248,-1.842866421,1
789,699,12.44038677,-1.729641676,2
789,715,12.10796547,-0.9699849486,1
789,731,13.37934685,-1.030873299,1
789,747,12.46397305,-1.2929492,2
789,763,NaN,NaN,1
805,91,-12.11910534,-0.9476616979,1
805,107,-11.47022152,-0.595838666,1
805,123,-11.17640686,-0.6017280817,2
805,139,-12.33402348,-1.054549813,2
805,155,-11.39035702,-0.660453856,2
805,171,-14.36994648,-0.9165594578,2
805,187,-12.67802715,-1.386482835,2
805,203,-14.76555061,-1.054664016,2
805,219,-13.74396133,-1.382131219,2
805,235,-12.17168617,-0.9153647423,2
805,251,NaN,NaN,2
805,267,NaN,NaN,2
805,283,-11.38483906,-1.328702331,2
805,299,-11.31367588,-0.9587996602,2
805,315,-10.11618233,-2.086228132,2
805,331,-9.795519829,-3.138738632,1
805,347,-7.647976875,-1.494251609,1
805,363,-8.520462036,-3.800493717,1
805,379,-7.427750587,-4.541911125,1
805,395,-5.674088001,-5.38101387,1
805,411,-4.038265228,-5.917676449,1
805,427,-1.020747185,-6.71158886,1
805,443,1.955591202,-5.731432915,1
805,459,4.85825634,-6.517599583,1
805,475,7.024832726,-5.729924202,1
805,491,8.0287323,-4.157087326,1
805,507,7.617404938,-3.960221767,1
805,523,8.617273331,-4.392812729,1
805,539,8.127441406,-3.938174009,1
805,555,10.95510387,-3.594111204,1
805,571,14.45322323,-3.451541662,1
805,587,13.39491081,-3.486452818,2
805,603,13.64836025,-3.491752625,1
805,619,13.93322754,-3.491815805,1
805,635,12.87730312,-2.730899811,1
805,651,15.51586151,-2.67757082,1
805,667,14.7038126,-2.623428345,2
805,683,12.88416767,-2.396724939,1
805,699,12.24292564,-2.178080559,2
805,715,11.4099865,-1.551177263,1
805,731,11.4976368,-1.701245904,1
805,747,11.68010139,-2.096312046,2
805,763,NaN,NaN,1
821,91,-9.991599083,-1.248949766,2
821,107,-9.819990158,-1.000739336,2
821,123,-12.8133831,-1.272239804,2
821,139,-12.34624958,-1.65205121,2
821,155,NaN,NaN,2
821,171,-11.49151325,-1.271591067,1
821,187,-9.980506897,-2.0628438,2
821,203,-13.70219231,-2.005011082,2
821,219,-12.46430588,-2.776023149,2
821,235,-12.63069153,-2.187474012,2
821,251,NaN,NaN,2
821,267,NaN,NaN,2
821,283,-10.91557407,-1.911245346,2
821,299,NaN,NaN,2
821,315,-10.45279503,-3.2830863,2
821,331,-12.74081039,-4.300953865,2
821,347,-7.304744244,-4.678986549,1
821,363,-9.338962555,-5.38351965,1
821,379,-7.184614182,-6.513299942,1
821,395,-6.077432632,-7.01667738,1
821,411,-3.594811678,-7.723430634,1
821,427,-0.6073495746,-6.928574085,1
821,443,2.206902266,-7.694075108,1
821,459,3.851052999,-8.176753998,1
821,475,6.346094608,-7.240728378,1
821,491,6.881367207,-5.665668011,1
821,507,8.766399384,-6.064507484,1
821,523,7.108445644,-5.10231781,1
821,539,7.74986887,-4.276485443,1
821,555,11.30683422,-5.326358318,1
821,571,10.97758484,-4.041144848,2
821,587,12.70619583,-4.385152817,2
821,603,16.65103912,-4.42328167,1
821,619,17.18751526,-5.147608757,1
821,635,14.24624062,-4.117080212,1
821,651,15.49761105,-3.966487885,1
821,667,12.87162399,-3.298036814,1
821,683,14.64549732,-3.635766268,1
821,699,13.80185699,-3.06769681,1
821,715,12.40802574,-2.471822262,1
821,731,13.32234764,-2.513964415,1
821,747,12.18208599,-1.981366992,2
821,763,NaN,NaN,1
837,91,-12.33720112,-1.999185562,2
837,107,-11.20847893,-1.154583812,1
837,123,-12.82193279,-2.262025595,2
837,139,-12.37917423,-2.294354916,2
837,155,-11.21440315,-1.895560145,2
837,171,-14.20781994,-2.307896614,2
837,187,-11.12498283,-2.658206463,2
837,203,-13.79608631,-3.148292542,2
837,219,-14.79441738,-3.345885992,2
837,235,-12.99736977,-3.811686993,2
837,251,NaN,NaN,2
837,267,NaN,NaN,2
837,283,-9.807933807,-3.309306383,2
837,299,NaN,NaN,2
837,315,-6.410950184,-2.296160221,2
837,331,-9.437747002,-4.859079361,2
837,347,-9.692761421,-6.381782532,1
837,363,-8.812056541,-7.034527302,1
837,379,-7.180678368,-7.559909344,1
837,395,-5.709997654,-8.443754196,1
837,411,-3.553822994,-8.787539482,1
837,427,-1.587858438,-8.780926704,1
837,443,0.9143304229,-8.670967102,1
837,459,3.329823256,-7.820473194,1
837,475,4.739435196,-6.959148884,1
837,491,7.444999695,-8.040085793,1
837,507,7.586468697,-7.738744259,1
837,523,7.379701614,-6.790606022,2
837,539,8.618273735,-5.648637772,1
837,555,10.75858498,-6.212329388,1
837,571,11.71003914,-6.11693716,1
837,587,11.68998623,-5.122750759,2
837,603,15.4596777,-6.316964149,1
837,619,13.24333,-5.538594723,1
837,635,15.1419487,-5.635221004,1
837,651,14.37423992,-5.264888287,1
837,667,13.92799187,-4.226323605,1
837,683,13.72093296,-4.225144863,1
837,699,13.26123142,-3.65032053,1
837,715,12.40378952,-3.056971312,1
837,731,12.63393021,-3.326571941,2
837,747,12.39239025,-2.575517654,2
837,763,20.43221283,2.783065796,1
853,91,-11.72659016,-1.920115829,2
853,107,-11.86942101,-1.911203861,2
853,123,-11.77340603,-2.593273401,2
853,139,-12.34590912,-2.839302301,2
853,155,-10.5630188,-2.555121422,2
853,171,-11.9425087,-2.637030125,2
853,187,-11.64453888,-2.709262371,2
853,203,-12.68474007,-4.349510193,1
853,219,-14.17248726,-4.45552969,2
853,235,-12.02512074,-4.391741753,2
853,251,-9.166718483,-3.450141668,2
853,267,-13.30862999,-5.567952156,2
853,283,NaN,NaN,2
853,299,-9.557386398,-4.667058468,2
853,315,-6.896625996,-4.420939922,2
853,331,-9.750748634,-6.597014427,2
853,347,-9.604527473,-7.488998413,1
853,363,-7.565621376,-7.014745712,1
853,379,-7.063257694,-8.11301136,1
853,395,-5.777799606,-8.406915665,1
853,411,-4.046121597,-9.020617485,1
853,427,-2.147428036,-9.728534698,1
853,443,1.435171008,-9.677598,1
853,459,3.382664204,-9.103744507,1
853,475,1.611780643,-7.193325043,1
853,491,4.90025568,-7.489246845,1
853,507,6.642064095,-8.653402328,1
853,523,9.28799057,-8.68036747,1
853,539,9.186044693,-6.986474514,1
853,555,9.33193779,-6.856406689,1
853,571,11.71110439,-7.367465019,1
853,587,12.26497459,-6.498176575,2
853,603,14.68788624,-7.015421867,1
853,619,13.64740086,-6.286630154,1
853,635,14.623353,-6.829119205,1
853,651,13.77546787,-5.555125713,1
853,667,11.62898445,-4.937600136,1
853,683,12.29178619,-4.668768406,1
853,699,12.09873104,-3.853449345,1
853,715,11.46214485,-3.644386768,1
853,731,11.68419838,-3.425368309,1
853,747,11.89497185,-3.366351604,2
853,763,20.58667755,-6.974189281,1
869,91,NaN,NaN,0
869,107,-11.50417328,-2.666756392,2
869,123,-11.81942368,-3.132590532,1
869,139,-11.52509212,-3.683080673,2
869,155,-11.75408745,-3.459683895,2
869,171,-11.96116447,-2.727704287,2
869,187,-12.0173502,-3.799442768,2
869,203,-9.721213341,-3.60409379,2
869,219,-13.24528313,-5.102471352,2
869,235,-13.80816269,-5.557113647,2
869,251,-11.67529869,-5.537574291,2
869,267,-9.083016396,-4.452687263,2
869,283,NaN,NaN,2
869,299,-9.338160515,-5.23791647,2
869,315,-7.347996235,-5.113759995,2
869,331,-7.020125389,-4.916254997,2
869,347,-7.033700943,-5.475543499,2
869,363,-6.928883076,-7.350299835,2
869,379,-6.273143768,-8.323724747,2
869,395,-6.039616585,-10.74903393,1
869,411,-2.762962103,-10.94247246,1
869,427,-1.411099792,-10.86880398,1
869,443,0.4334152639,-11.34425831,1
869,459,1.672806144,-10.82747841,1
869,475,3.567834854,-8.696870804,1
869,491,5.071397305,-9.688801765,1
869,507,6.148478031,-8.733323097,1
869,523,6.691771507,-9.999382973,2
869,539,9.744931221,-10.08039474,1
869,555,9.152796745,-8.408741951,1
869,571,11.04191494,-8.032580376,2
869,587,12.34153652,-7.182820797,1
869,603,13.58211327,-7.918325901,1
869,619,14.37962246,-8.120224953,1
869,635,15.2100668,-7.767904758,1
869,651,12.99256706,-6.465203285,1
869,667,12.20690727,-5.421933174,1
869,683,12.20512676,-5.19764328,1
869,699,11.2729063,-4.158731937,1
869,715,12.33334255,-4.536630154,1
869,731,11.96681595,-4.245131016,1
869,747,NaN,NaN,1
869,763,NaN,NaN,0
885,91,NaN,NaN,0
885,107,-9.681467056,-2.481992245,2
885,123,-10.70430088,-3.115298986,2
885,139,-10.11940193,-3.316335678,2
885,155,-11.20527649,-3.897226572,2
885,171,-9.943736076,-3.129379511,2
885,187,-9.763422012,-3.850986481,2
885,203,-8.708309174,-3.318812132,2
885,219,-11.68926907,-5.231319427,1
885,235,-13.52494431,-6.608397484,1
885,251,-9.577560425,-5.381028175,2
885,267,-9.478447914,-6.062764168,2
885,283,-10.5857954,-7.58976078,2
885,299,-9.199926376,-6.933180809,2
885,315,-9.252396584,-7.37705183,2
885,331,-9.265631676,-9.556355476,2
885,347,-6.95462513,-6.500005722,2
885,363,-5.56103611,-7.2461133,2
885,379,-6.65487957,-9.371776581,2
885,395,-5.320633888,-9.535925865,1
885,411,-1.765434623,-9.817168236,1
885,427,-1.750827789,-10.60144806,1
885,443,0.08055053651,-10.35580063,1
885,459,1.816842079,-9.972226143,1
885,475,3.75709939,-8.773790359,1
885,491,5.588779926,-10.63227177,1
885,507,6.112750053,-9.326406479,2
885,523,7.080050468,-9.533067703,2
885,539,9.116615295,-9.740311623,1
885,555,10.0548048,-9.196434021,1
885,571,9.528506279,-7.753307819,2
885,587,12.02236271,-8.306865692,1
885,603,12.39665031,-8.712295532,1
885,619,12.91486835,-8.279587746,1
885,635,13.1586771,-8.058427811,1
885,651,12.0516367,-6.270302773,1
885,667,12.20685101,-6.453081131,1
885,683,11.71025562,-5.700607777,1
885,699,11.87840271,-5.236767769,1
885,715,12.14829922,-5.059734821,1
885,731,11.58764648,-4.655273438,1
885,747,NaN,NaN,1
885,763,NaN,NaN,0
901,91,NaN,NaN,0
901,107,-9.859197617,-3.567947626,2
901,123,-11.2253685,-3.80877018,2
901,139,-10.72752476,-4.602244377,1
901,155,-11.28468037,-5.080443859,2
901,171,-10.72109509,-4.31755209,2
901,187,-10.57276821,-4.804365158,2
901,203,-11.57133484,-5.640075207,2
901,219,NaN,NaN,2
901,235,-10.16217518,-5.26750803,2
901,251,-11.4492445,-7.407850742,2
901,267,-10.03557777,-7.180296898,2
901,283,-9.555688858,-7.813548088,2
901,299,NaN,NaN,2
901,315,-9.011836052,-8.222172737,2
901,331,-6.258001328,-7.712975979,2
901,347,-5.269525051,-6.029288292,2
901,363,-5.612337589,-9.563462257,2
901,379,-5.613593578,-9.853853226,2
901,395,-4.443702698,-11.13655281,1
901,411,-1.868778348,-10.73140907,1
901,427,-1.299220204,-14.6466217,1
901,443,0.2906190753,-13.98229122,1
901,459,1.752013922,-11.44349766,1
901,475,3.296129704,-11.73475552,1
901,491,4.410008907,-11.02382183,2
901,507,5.144927025,-9.7983675,2
901,523,7.769885063,-11.00128651,2
901,539,7.203941345,-8.88676548,2
901,555,8.613747597,-8.760106087,2
901,571,9.998356819,-9.515478134,1
901,587,10.60836506,-8.408741951,1
901,603,13.11260223,-9.966737747,1
901,619,13.88627338,-9.553564072,1
901,635,11.25687027,-7.883434772,1
901,651,11.43002224,-7.231480598,1
901,667,11.10604572,-6.476353168,2
901,683,12.1250515,-6.430190086,1
901,699,11.97556782,-5.874499798,1
901,715,11.39676571,-5.383807659,2
901,731,12.03629208,-5.153068542,1
901,747,28.14096451,-12.32777691,1
901,763,NaN,NaN,0
917,91,NaN,NaN,0
917,107,-10.52241135,-4.990982533,1
917,123,-10.04133034,-4.311819077,2
917,139,-8.576396942,-4.006596088,2
917,155,-10.81465054,-5.227166176,1
917,171,-10.62965107,-4.838535309,1
917,187,NaN,NaN,2
917,203,-8.817671776,-4.912540913,2
917,219,-6.608197689,-4.172685146,2
917,235,-9.63768959,-5.430266857,2
917,251,-11.45741177,-7.977757454,1
917,267,-9.931144714,-7.845210075,2
917,283,-7.331934452,-6.797482014,2
917,299,-6.050427437,-5.951841354,2
917,315,-7.761336803,-7.951354027,2
917,331,-6.567589283,-8.167778015,2
917,347,NaN,NaN,2
917,363,NaN,NaN,2
917,379,-3.977176905,-8.49510479,2
917,395,-3.37897253,-9.344184875,2
917,411,-2.327934742,-10.11016846,2
917,427,-0.9618748426,-11.45199299,2
917,443,0.3107286394,-11.65478134,2
917,459,2.362335682,-12.17458057,2
917,475,3.279186726,-13.12147045,2
917,491,4.531793118,-12.98812103,2
917,507,5.914399147,-11.17330742,2
917,523,5.997406483,-10.025527,2
917,539,6.863806248,-9.066095352,2
917,555,9.450035095,-10.49553108,1
917,571,9.621371269,-9.824319839,1
917,587,9.077701569,-8.889196396,1
917,603,11.92044544,-10.5288496,1
917,619,11.03604126,-8.989355087,1
917,635,10.8498888,-8.110892296,1
917,651,11.63989258,-8.196608543,1
917,667,10.60938931,-7.18663168,1
917,683,10.12087536,-5.981649399,1
917,699,10.65156841,-6.12625742,1
917,715,11.03883171,-5.797030926,2
917,731,27.39780235,-13.38674355,1
917,747,24.78882599,-11.86402225,1
917,763,NaN,NaN,0
933,91,NaN,NaN,0
933,107,NaN,NaN,0
933,123,-8.073307037,-4.287789822,2
933,139,-9.272901535,-4.958786488,2
933,155,-9.597022057,-5.439637661,2
933,171,-11.26587009,-6.43718195,1
933,187,-9.86230278,-5.480154991,1
933,203,-9.565318108,-5.593575001,2
933,219,-9.53886795,-6.591691494,2
933,235,-7.632169724,-5.304297447,2
933,251,-9.380568504,-7.525046825,2
933,267,-8.955053329,-7.632226944,2
933,283,-9.598825455,-9.771671295,2
933,299,-8.240314484,-9.248670578,2
933,315,-6.832201004,-8.20449543,2
933,331,NaN,NaN,2
933,347,-6.611305237,-9.985860825,2
933,363,NaN,NaN,2
933,379,NaN,NaN,2
933,395,NaN,NaN,2
933,411,-0.901414454,-9.515268326,2
933,427,-1.217697024,-11.61590481,2
933,443,0.2210280895,-13.80865955,2
933,459,2.449836254,-13.74413013,2
933,475,2.973608971,-13.41222382,2
933,491,3.612439156,-9.953402519,2
933,507,5.514078617,-12.05554199,2
933,523,5.575747967,-9.281242371,2
933,539,6.818111897,-10.22746277,1
933,555,8.065778732,-10.9905901,1
933,571,8.817741394,-10.97294712,1
933,587,9.011310577,-9.180445671,1
933,603,9.673555374,-9.492448807,1
933,619,10.56247616,-9.716276169,1
933,635,10.03100204,-8.405171394,1
933,651,10.45931721,-7.964689732,1
933,667,10.40862083,-7.438182831,1
933,683,10.0795269,-6.341060638,2
933,699,9.755818367,-5.862929344,2
933,715,9.394337654,-5.35794878,1
933,731,NaN,NaN,1
933,747,NaN,NaN,0
933,763,NaN,NaN,0
949,91,NaN,NaN,0
949,107,NaN,NaN,0
949,123,-10.71758938,-5.057724476,2
949,139,-8.960300446,-5.632503033,2
949,155,-8.937310219,-5.888778687,2
949,171,-9.37637043,-6.097295284,1
949,187,-11.00608349,-7.173267365,1
949,203,-10.00001526,-7.129411697,2
949,219,-8.47550869,-6.352013111,2
949,235,-7.712129593,-6.540516853,2
949,251,-7.761445045,-6.801154613,2
949,267,-9.045825958,-9.166770935,2
949,283,-8.56270504,-9.133545876,2
949,299,-5.849132061,-7.06877327,2
949,315,-6.271430492,-9.386487007,2
949,331,-6.480487347,-10.77598858,2
949,347,-5.946838379,-11.20277309,2
949,363,-5.193818092,-11.66956043,2
949,379,-4.863624573,-12.50749779,2
949,395,-2.989594698,-10.01662064,2
949,411,-2.26794982,-12.74420166,2
949,427,-0.5548483133,-12.53378582,2
949,443,0.1753683686,-13.09049416,2
949,459,2.067160606,-13.27641296,2
949,475,2.863590002,-12.75972748,2
949,491,4.241421223,-12.78557682,1
949,507,5.282791615,-13.63450718,1
949,523,6.174715042,-12.53899193,1
949,539,5.860594749,-10.58681202,1
949,555,7.795065403,-11.39579391,1
949,571,8.881659508,-11.68100357,1
949,587,8.465813637,-9.964681625,1
949,603,8.214759827,-9.265510559,1
949,619,9.518130302,-9.534457207,1
949,635,8.135344505,-7.82644558,1
949,651,9.129796028,-7.494053841,1
949,667,9.570418358,-6.956274986,1
949,683,8.963068008,-6.295902729,2
949,699,10.0333662,-6.62127161,2
949,715,8.746285439,-5.956793785,1
949,731,20.72915649,-15.83286572,1
949,747,NaN,NaN,0
949,763,NaN,NaN,0
965,91,NaN,NaN,0
965,107,NaN,NaN,0
965,123,NaN,NaN,0
965,139,-7.076189518,-4.757597446,2
965,155,-8.495799065,-6.003269672,2
965,171,-8.432406425,-6.411305428,2
965,187,-9.740393639,-6.333395004,2
965,203,-9.61133194,-7.570253372,2
965,219,-7.911663532,-6.925817013,2
965,235,-6.238070488,-6.330161572,2
965,251,-8.668749809,-8.444171906,1
965,267,-7.673785686,-8.599012375,2
965,283,-8.519919395,-10.00990391,2
965,299,-5.939637184,-8.777641296,2
965,315,-6.237873077,-9.326932907,2
965,331,-6.807366848,-11.5455513,1
965,347,-5.923447609,-12.21009636,1
965,363,-4.30910778,-11.07755661,2
965,379,-4.099133015,-13.45695496,1
965,395,-2.491849899,-11.15135574,2
965,411,-1.43506968,-13.3339653,1
965,427,-0.05210603774,-12.34991837,2
965,443,0.3579168916,-13.20937634,1
965,459,1.558811426,-11.35091782,2
965,475,2.418229342,-12.30127335,2
965,491,3.347720146,-12.71510124,1
965,507,4.566345692,-13.49368477,1
965,523,5.568463326,-12.71513462,1
965,539,5.998343945,-12.10324478,1
965,555,7.131762028,-11.73535061,1
965,571,8.322276115,-12.48922348,1
965,587,7.25532198,-9.75338459,1
965,603,8.721508026,-10.35123348,1
965,619,9.143439293,-10.11498737,1
965,635,9.094711304,-8.841747284,1
965,651,8.514743805,-7.258746147,1
965,667,9.247450829,-7.243362904,1
965,683,8.404758453,-6.00161171,2
965,699,7.068475246,-5.375784397,1
965,715,16.61768723,-15.61699581,1
965,731,NaN,NaN,0
965,747,NaN,NaN,0
965,763,NaN,NaN,0
981,91,NaN,NaN,0
981,107,NaN,NaN,0
981,123,NaN,NaN,0
981,139,NaN,NaN,1
981,155,-8.219584465,-6.320973396,2
981,171,-8.25971508,-6.850013733,2
981,187,-8.906516075,-6.928917408,2
981,203,-9.188461304,-7.71346426,2
981,219,-8.535429001,-8.361757278,1
981,235,-8.298052788,-9.006547928,2
981,251,-7.457631588,-8.52888298,1
981,267,-6.754748821,-8.78032589,1
981,283,-7.847726822,-10.62401676,2
981,299,-7.081561565,-9.915762901,2
981,315,-5.638422966,-8.740358353,2
981,331,-5.84412241,-11.56117725,2
981,347,-5.880485058,-12.01706219,1
981,363,-5.375716686,-14.48145485,1
981,379,-3.817430735,-14.26495075,1
981,395,-2.822097063,-15.43242359,1
981,411,-1.863459706,-14.2262888,1
981,427,-0.6878587604,-13.9712553,1
981,443,0.7329775095,-14.16267395,1
981,459,1.815442443,-15.0482502,1
981,475,2.400046825,-12.11260414,1
981,491,3.893486977,-14.92005825,1
981,507,4.215045929,-12.66437149,2
981,523,4.694730759,-12.0695715,1
981,539,5.490024567,-11.91242313,1
981,555,6.56031847,-11.45651054,1
981,571,7.511596203,-11.94010162,1
981,587,6.626398087,-9.450737953,1
981,603,8.293569565,-10.58690548,1
981,619,8.15849781,-9.357610703,2
981,635,8.34055233,-8.310235977,1
981,651,8.348909378,-7.959940434,1
981,667,7.832691193,-6.788095474,2
981,683,9.086082458,-6.654735088,2
981,699,28.37903595,-15.85163784,1
981,715,16.35933304,-11.89254189,1
981,731,NaN,NaN,0
981,747,NaN,NaN,0
981,763,NaN,NaN,0
997,91,NaN,NaN,0
997,107,NaN,NaN,0
997,123,NaN,NaN,0
997,139,NaN,NaN,0
997,155,NaN,NaN,1
997,171,-8.741240501,-7.720122337,2
997,187,-7.368807793,-6.815419197,2
997,203,-7.446960449,-7.374261379,2
997,219,-8.285554886,-8.067230225,2
997,235,-7.609276772,-8.515007019,1
997,251,-7.597789764,-9.825588226,2
997,267,-6.364013195,-8.953930855,2
997,283,-6.318976879,-9.669457436,2
997,299,-5.617618561,-8.805173874,2
997,315,-5.344100952,-8.886030197,2
997,331,-5.284386158,-10.88177299,2
997,347,-4.931106567,-10.98790359,2
997,363,-4.355845451,-12.56425858,2
997,379,-4.374198437,-15.15493011,1
997,395,-3.121404171,-14.94033432,1
997,411,-1.661282182,-13.95645428,2
997,427,-1.012095809,-13.82753563,1
997,443,0.3719279468,-12.94550705,2
997,459,1.023415327,-13.38106441,1
997,475,2.006901979,-13.41541386,1
997,491,3.434477568,-13.13687515,1
997,507,4.890230179,-14.15135956,1
997,523,4.843096256,-12.85107327,1
997,539,5.543913364,-12.15928459,1
997,555,5.554187775,-10.44186497,1
997,571,6.53003931,-10.8593111,1
997,587,7.73960638,-11.12125874,1
997,603,6.763653755,-8.952768326,1
997,619,7.712336063,-8.791164398,2
997,635,7.598385334,-8.151890755,1
997,651,7.222117901,-7.012833118,2
997,667,7.84190464,-7.018476009,2
997,683,7.631719112,-6.902431488,1
997,699,18.95533943,-17.30957031,1
997,715,NaN,NaN,0
997,731,NaN,NaN,0
997,747,NaN,NaN,0
997,763,NaN,NaN,0
1013,91,NaN,NaN,0
1013,107,NaN,NaN,0
1013,123,NaN,NaN,0
1013,139,NaN,NaN,0
1013,155,NaN,NaN,0
1013,171,-11.64366531,-12.38195038,1
1013,187,-7.64067173,-7.453384399,2
1013,203,-7.158758163,-7.587520123,2
1013,219,NaN,NaN,2
1013,235,-7.443246365,-9.468726158,2
1013,251,-6.644511223,-9.579229355,2
1013,267,-6.436347961,-8.963031769,2
1013,283,-6.863717556,-10.78165531,1
1013,299,-5.796152592,-10.58120251,2
1013,315,-4.727972031,-10.11676884,2
1013,331,-4.881267548,-11.77315044,1
1013,347,-4.27904892,-10.63087559,2
1013,363,-2.91871357,-11.2053833,2
1013,379,-3.216315508,-11.11306667,2
1013,395,-2.001357794,-13.65730858,2
1013,411,-1.569237113,-13.06656742,1
1013,427,-0.5956742167,-14.15165424,2
1013,443,0.394220233,-12.90144348,2
1013,459,1.463843465,-15.06583405,1
1013,475,2.290315866,-14.44285011,1
1013,491,2.989563942,-12.51752949,1
1013,507,4.202063084,-13.08324432,1
1013,523,3.834969282,-10.30061054,1
1013,539,5.247457027,-11.69501781,1
1013,555,6.62230587,-12.48192501,1
1013,571,6.593583107,-10.99323559,2
1013,587,6.168059826,-9.697818756,1
1013,603,6.787573338,-9.389496803,1
1013,619,6.85162878,-8.481642723,1
1013,635,6.956679344,-8.200695038,1
1013,651,7.020940304,-7.120649338,2
1013,667,6.038115978,-6.016427517,1
1013,683,NaN,NaN,1
1013,699,21.04763222,-15.16688728,1
1013,715,NaN,NaN,0
1013,731,NaN,NaN,0
1013,747,NaN,NaN,0
1013,763,NaN,NaN,0
1029,91,NaN,NaN,0
1029,107,NaN,NaN,0
1029,123,NaN,NaN,0
1029,139,NaN,NaN,0
1029,155,NaN,NaN,0
1029,171,NaN,NaN,0
1029,187,NaN,NaN,1
1029,203,-7.444793701,-8.600275993,2
1029,219,-6.349029064,-7.670032501,2
1029,235,-5.944249153,-8.364107132,2
1029,251,-6.378941059,-8.331273079,2
1029,267,-5.77914381,-9.112425804,2
1029,283,-5.685832024,-9.860477448,1
1029,299,-5.316885471,-10.46588612,2
1029,315,-4.941546917,-10.66091728,2
1029,331,-3.917975187,-12.06470203,2
1029,347,-2.735907793,-11.63989639,2
1029,363,-2.812327147,-11.62718868,2
1029,379,-2.436748743,-12.54305363,1
1029,395,-1.529785395,-13.44024944,1
1029,411,-0.9843478203,-12.31265068,1
1029,427,0.209277451,-13.46109867,1
1029,443,0.9175958037,-14.29722309,1
1029,459,1.572581768,-14.05413818,1
1029,475,2.037096977,-12.81982231,1
1029,491,2.748042583,-10.72925663,1
1029,507,4.559746265,-12.97216797,1
1029,523,4.698650837,-12.27210045,1
1029,539,5.110603333,-11.28781033,1
1029,555,5.308306217,-10.56813908,1
1029,571,5.448058605,-10.07094669,1
1029,587,6.121143341,-9.647061348,1
1029,603,5.804303169,-8.246966362,1
1029,619,6.520754814,-8.668794632,2
1029,635,6.315592766,-7.553955078,2
1029,651,6.213093281,-6.201354504,2
1029,667,NaN,NaN,1
1029,683,NaN,NaN,1
1029,699,NaN,NaN,0
1029,715,NaN,NaN,0
1029,731,NaN,NaN,0
1029,747,NaN,NaN,0
1029,763,NaN,NaN,0
1045,91,NaN,NaN,0
1045,107,NaN,NaN,0
1045,123,NaN,NaN,0
1045,139,NaN,NaN,0
1045,155,NaN,NaN,0
1045,171,NaN,NaN,0
1045,187,NaN,NaN,0
1045,203,NaN,NaN,1
1045,219,-6.356608868,-8.894106865,2
1045,235,-4.591500759,-6.408380508,1
1045,251,-5.289841175,-8.15862751,2
1045,267,-5.560273647,-9.667414665,2
1045,283,-6.596020222,-10.54905987,2
1045,299,-5.290717125,-8.881908417,2
1045,315,-4.589018822,-10.06245136,2
1045,331,-4.335854053,-11.57977867,2
1045,347,-4.567072868,-13.57335091,1
1045,363,-3.402461529,-13.0162859,1
1045,379,-2.424763918,-12.50669575,1
1045,395,-1.831870794,-12.96673298,1
1045,411,-0.9726203084,-12.82630444,1
1045,427,0.09442550689,-14.24311829,1
1045,443,0.4041535854,-13.17873955,1
1045,459,1.135741234,-14.14739609,1
1045,475,1.884312749,-13.54386711,1
1045,491,2.896285295,-12.42159462,1
1045,507,3.408973217,-11.26350689,1
1045,523,3.791173458,-10.47298241,2
1045,539,4.365808487,-10.33011913,2
1045,555,4.629891396,-9.973963737,1
1045,571,4.964429855,-9.26280117,1
1045,587,5.582767963,-8.850684166,1
1045,603,5.53931427,-8.361540794,1
1045,619,5.360408783,-7.221571445,2
1045,635,6.614721775,-7.419203281,2
1045,651,14.74881649,-16.2732048,1
1045,667,9.097007751,-16.43095589,1
1045,683,NaN,NaN,0
1045,699,NaN,NaN,0
1045,715,NaN,NaN,0
1045,731,NaN,NaN,0
1045,747,NaN,NaN,0
1045,763,NaN,NaN,0
1061,91,NaN,NaN,0
1061,107,NaN,NaN,0
1061,123,NaN,NaN,0
1061,139,NaN,NaN,0
1061,155,NaN,NaN,0
1061,171,NaN,NaN,0
1061,187,NaN,NaN,0
1061,203,NaN,NaN,0
1061,219,-9.594133377,-13.67696571,1
1061,235,-5.006626129,-8.110574722,1
1061,251,-5.729626656,-8.807224274,2
1061,267,-5.334926605,-9.794545174,2
1061,283,-4.718369961,-9.82167244,2
1061,299,-4.172180653,-9.272422791,2
1061,315,-4.678475857,-10.5110321,1
1061,331,-4.484611511,-12.33632469,2
1061,347,-3.239054918,-10.83107853,1
1061,363,-3.033062696,-10.85392284,1
1061,379,-2.474878788,-10.6170969,2
1061,395,-1.681790352,-12.87173653,1
1061,411,-0.7745283842,-12.79303074,1
1061,427,-0.07980833203,-12.46247005,1
1061,443,0.8190944195,-13.08765984,2
1061,459,1.444994926,-13.59839439,2
1061,475,1.590608835,-11.10292339,2
1061,491,2.472264051,-11.89924335,2
1061,507,3.247184753,-11.88109493,1
1061,523,3.45843339,-10.38536358,1
1061,539,4.152846336,-10.4786768,1
1061,555,4.379720688,-9.214365959,1
1061,571,4.797301292,-9.153806686,2
1061,587,4.738658428,-7.742592812,2
1061,603,3.925003767,-6.045391083,2
1061,619,5.660367012,-7.758370399,2
1061,635,NaN,NaN,1
1061,651,4.30120182,-15.17614365,1
1061,667,NaN,NaN,0
1061,683,NaN,NaN,0
1061,699,NaN,NaN,0
1061,715,NaN,NaN,0
1061,731,NaN,NaN,0
1061,747,NaN,NaN,0
1061,763,NaN,NaN,0
1077,91,NaN,NaN,0
1077,107,NaN,NaN,0
1077,123,NaN,NaN,0
1077,139,NaN,NaN,0
1077,155,NaN,NaN,0
1077,171,NaN,NaN,0
1077,187,NaN,NaN,0
1077,203,NaN,NaN,0
1077,219,NaN,NaN,0
1077,235,NaN,NaN,0
1077,251,NaN,NaN,1
1077,267,-4.611266613,-8.069344521,1
1077,283,-4.538544178,-9.121182442,2
1077,299,-4.069543362,-9.786673546,2
1077,315,-4.188566208,-10.51224232,2
1077,331,-3.968131065,-11.38492012,2
1077,347,-2.82286787,-10.9814024,2
1077,363,-2.471241236,-11.47060776,2
1077,379,-1.580436945,-11.40955639,2
1077,395,-0.9953427315,-11.39193439,1
1077,411,-0.5419804454,-12.16867638,1
1077,427,-0.1428653151,-11.48121166,1
1077,443,0.6205049753,-11.02814865,1
1077,459,1.365480423,-11.95191383,1
1077,475,1.972259641,-12.23910999,1
1077,491,2.467282295,-11.38042927,1
1077,507,2.620984554,-9.782385826,1
1077,523,3.26506567,-9.805848122,1
1077,539,3.771213293,-9.60086441,1
1077,555,3.851532459,-7.936490536,2
1077,571,3.752780676,-7.163516998,2
1077,587,3.643468142,-6.08095932,2
1077,603,NaN,NaN,1
1077,619,5.346265793,-21.39306831,1
1077,635,7.741649151,-13.33484936,1
1077,651,NaN,NaN,0
1077,667,NaN,NaN,0
1077,683,NaN,NaN,0
1077,699,NaN,NaN,0
1077,715,NaN,NaN,0
1077,731,NaN,NaN,0
1077,747,NaN,NaN,0
1077,763,NaN,NaN,0
1093,91,NaN,NaN,0
1093,107,NaN,NaN,0
1093,123,NaN,NaN,0
1093,139,NaN,NaN,0
1093,155,NaN,NaN,0
1093,171,NaN,NaN,0
1093,187,NaN,NaN,0
1093,203,NaN,NaN,0
1093,219,NaN,NaN,0
1093,235,NaN,NaN,0
1093,251,NaN,NaN,0
1093,267,-8.344783783,-20.10856819,1
1093,283,NaN,NaN,1
1093,299,-4.362473488,-9.630652428,1
1093,315,-3.602376223,-8.417103767,2
1093,331,-3.504631042,-10.44148636,2
1093,347,NaN,NaN,2
1093,363,-2.587603807,-10.78675652,2
1093,379,-1.710218906,-9.486789703,2
1093,395,-1.165428281,-10.6108427,2
1093,411,-0.03072118014,-10.49853802,2
1093,427,0.1098500192,-10.19585991,2
1093,443,0.4749327302,-9.682240486,2
1093,459,0.823248446,-8.517019272,2
1093,475,1.732991099,-10.02713013,2
1093,491,1.954568982,-8.439763069,2
1093,507,2.276958227,-8.736379623,2
1093,523,2.56365943,-8.402292252,2
1093,539,2.936473131,-7.781901836,2
1093,555,3.531753302,-9.322048187,2
1093,571,4.443302155,-7.365002155,1
1093,587,4.362586021,-26.92931366,1
1093,603,NaN,NaN,1
1093,619,7.477468967,-15.00764656,1
1093,635,NaN,NaN,0
1093,651,NaN,NaN,0
1093,667,NaN,NaN,0
1093,683,NaN,NaN,0
1093,699,NaN,NaN,0
1093,715,NaN,NaN,0
1093,731,NaN,NaN,0
1093,747,NaN,NaN,0
1093,763,NaN,NaN,0
1109,91,NaN,NaN,0
1109,107,NaN,NaN,0
1109,123,NaN,NaN,0
1109,139,NaN,NaN,0
1109,155,NaN,NaN,0
1109,171,NaN,NaN,0
1109,187,NaN,NaN,0
1109,203,NaN,NaN,0
1109,219,NaN,NaN,0
1109,235,NaN,NaN,0
1109,251,NaN,NaN,0
1109,267,NaN,NaN,0
1109,283,NaN,NaN,0
1109,299,-7.822034836,-20.83081055,1
1109,315,NaN,NaN,1
1109,331,-3.073965073,-13.09286404,1
1109,347,NaN,NaN,2
1109,363,NaN,NaN,2
1109,379,-1.395474672,-9.58658123,2
1109,395,-1.001740813,-9.64186573,2
1109,411,-0.5822443366,-10.26714611,2
1109,427,-0.4657811522,-9.716155052,2
1109,443,0.4433745742,-8.437119484,2
1109,459,0.9821636081,-9.430107117,2
1109,475,1.220269442,-9.310026169,2
1109,491,1.739386439,-9.302506447,2
1109,507,2.945693016,-10.5526104,1
1109,523,3.438564062,-9.242980957,1
1109,539,-0.5790736675,-34.71444321,1
1109,555,11.82361794,-25.9093132,1
1109,571,-2.472995758,-27.86935997,1
1109,587,2.282679081,-26.65883636,1
1109,603,NaN,NaN,0
1109,619,NaN,NaN,0
1109,635,NaN,NaN,0
1109,651,NaN,NaN,0
1109,667,NaN,NaN,0
1109,683,NaN,NaN,0
1109,699,NaN,NaN,0
1109,715,NaN,NaN,0
1109,731,NaN,NaN,0
1109,747,NaN,NaN,0
1109,763,NaN,NaN,0
1125,91,NaN,NaN,0
1125,107,NaN,NaN,0
1125,123,NaN,NaN,0
1125,139,NaN,NaN,0
1125,155,NaN,NaN,0
1125,171,NaN,NaN,0
1125,187,NaN,NaN,0
1125,203,NaN,NaN,0
1125,219,NaN,NaN,0
1125,235,NaN,NaN,0
1125,251,NaN,NaN,0
1125,267,NaN,NaN,0
1125,283,NaN,NaN,0
1125,299,NaN,NaN,0
1125,315,NaN,NaN,0
1125,331,0.4171276093,-24.96720505,1
1125,347,-11.24792671,-25.58914375,1
1125,363,NaN,NaN,1
1125,379,-6.101158142,-37.07618332,1
1125,395,-0.7083772421,-12.84731388,1
1125,411,0.1141752973,-10.94224262,2
1125,427,0.4506832957,-10.42519188,1
1125,443,NaN,NaN,2
1125,459,1.025491595,-10.2651701,1
1125,475,1.388280392,-10.57956982,1
1125,491,1.142640114,-11.16722202,1
1125,507,1.08271718,-21.07228088,1
1125,523,-6.62970686,-30.53709793,1
1125,539,-0.4295613766,-36.60839844,1
1125,555,8.402233124,-30.16186714,1
1125,571,NaN,NaN,0
1125,587,NaN,NaN,0
1125,603,NaN,NaN,0
1125,619,NaN,NaN,0
1125,635,NaN,NaN,0
1125,651,NaN,NaN,0
1125,667,NaN,NaN,0
1125,683,NaN,NaN,0
1125,699,NaN,NaN,0
1125,715,NaN,NaN,0
1125,731,NaN,NaN,0
1125,747,NaN,NaN,0
1125,763,NaN,NaN,0
1141,91,NaN,NaN,0
1141,107,NaN,NaN,0
1141,123,NaN,NaN,0
1141,139,NaN,NaN,0
1141,155,NaN,NaN,0
1141,171,NaN,NaN,0
1141,187,NaN,NaN,0
1141,203,NaN,NaN,0
1141,219,NaN,NaN,0
1141,235,NaN,NaN,0
1141,251,NaN,NaN,0
1141,267,NaN,NaN,0
1141,283,NaN,NaN,0
1141,299,NaN,NaN,0
1141,315,NaN,NaN,0
1141,331,NaN,NaN,0
1141,347,NaN,NaN,0
1141,363,NaN,NaN,0
1141,379,NaN,NaN,0
1141,395,-1.864487648,-23.21548843,1
1141,411,-1.820389748,-36.40539932,1
1141,427,-0.586224556,-37.4114418,1
1141,443,-3.530432463,-27.88083267,1
1141,459,-2.677183867,-30.97381973,1
1141,475,-0.814166069,-29.84469795,1
1141,491,-4.477349758,-43.5756073,1
1141,507,3.010895014,-33.76367188,1
1141,523,9.500413895,-45.45539856,1
1141,539,NaN,NaN,0
1141,555,NaN,NaN,0
1141,571,NaN,NaN,0
1141,587,NaN,NaN,0
1141,603,NaN,NaN,0
1141,619,NaN,NaN,0
1141,635,NaN,NaN,0
1141,651,NaN,NaN,0
1141,667,NaN,NaN,0
1141,683,NaN,NaN,0
1141,699,NaN,NaN,0
1141,715,NaN,NaN,0
1141,731,NaN,NaN,0
1141,747,NaN,NaN,0
1141,763,NaN,NaN,0
1157,91,NaN,NaN,0
1157,107,NaN,NaN,0
1157,123,NaN,NaN,0
1157,139,NaN,NaN,0
1157,155,NaN,NaN,0
1157,171,NaN,NaN,0
1157,187,NaN,NaN,0
1157,203,NaN,NaN,0
1157,219,NaN,NaN,0
1157,235,NaN,NaN,0
1157,251,NaN,NaN,0
1157,267,NaN,NaN,0
1157,283,NaN,NaN,0
1157,299,NaN,NaN,0
1157,315,NaN,NaN,0
1157,331,NaN,NaN,0
1157,347,NaN,NaN,0
1157,363,NaN,NaN,0
1157,379,NaN,NaN,0
1157,395,NaN,NaN,0
1157,411,NaN,NaN,0
1157,427,NaN,NaN,0
1157,443,NaN,NaN,0
1157,459,NaN,NaN,0
1157,475,NaN,NaN,0
1157,491,NaN,NaN,0
1157,507,NaN,NaN,0
1157,523,NaN,NaN,0
1157,539,NaN,NaN,0
1157,555,NaN,NaN,0
1157,571,NaN,NaN,0
1157,587,NaN,NaN,0
1157,603,NaN,NaN,0
1157,619,NaN,NaN,0
1157,635,NaN,NaN,0
1157,651,NaN,NaN,0
1157,667,NaN,NaN,0
1157,683,NaN,NaN,0
1157,699,NaN,NaN,0
1157,715,NaN,NaN,0
1157,731,NaN,NaN,0
1157,747,NaN,NaN,0
1157,763,NaN,NaN,0
